-66.1134270158
-160.653273354
-87.2854397183
-155.836344983
-66.8240913822
-66.4954985128
-132.365008186
-93.2583236842
-76.2369410822
-37.8644106109
-55.1482092467
-92.1285657031
-68.5788493077
-238.365974615
-65.5561381751
-96.030611236
-61.6648082311
-111.670322929
-109.376372065
-107.1317179
-108.34940503
-127.441063744
-140.981660915
-96.123666086
-114.300912951
-60.2175162029
-9.31927315135
-25.874170601
-69.3219599441
-53.297354826
-52.0400745881
-43.5915786498
-68.8533484912
-20.9168951654
-44.4475614751
-57.9362779222
-39.2819765576
-20.1446140127
-98.9869463221
-73.15110488
-67.2792147723
-103.203305445
-113.019914392
-68.7705609534
-111.389521805
-316.022057744
-53.8634627184
-38.1480405603
-59.2517017696
-50.8367386913
-71.7143425676
-101.216836001
-67.7674965181
-72.1785120981
-91.4329719485
-151.700795703
-87.1366123916
-104.359968479
-116.449422727
-80.2812163757
-107.012724327
-156.943435322
-90.7331143028
-48.3322701317
-75.4966978196
-58.3288236
-79.3470653611
-106.045351858
-140.873868877
-59.0610117433
-60.9893287399
-124.552930628
-142.25367435
-103.116511987
-37.8696723384
-55.1256258651
-58.9226511568
-50.9971181798
-71.3865881758
-52.0558138643
-39.781687339
-110.682737935
-51.6271138046
-60.3333179135
-98.6712589146
-31.2773725852
-43.6197695887
-38.1703612481
-73.0482482737
-122.109509817
-49.8490168438
-60.1469244292
-105.529021551
-91.5757840798
-72.4356883595
-103.125602624
-64.4072521335
-101.058039508
-76.0899231039
-41.9403827089
-129.572151995
-69.1326676875
-68.460271788
-79.994330227
-104.103295798
-82.5983402788
-65.3611974423
-157.014414536
-174.500752159
-91.1161896622
-56.1738646141
-101.759845594
-57.2301085491
-79.9001050043
-32.5876305533
-59.1038521826
-73.2057584589
-107.326199288
-57.8570767621
-12.3529791712
-23.9215066187
-80.6219930983
-99.4194948274
-91.6453554946
-18.0264083358
-93.2002676416
-104.251896583
-54.4672570117
-135.100788147
-113.862988375
-103.013513879
-137.786445166
-69.53724504
-106.521416391
-77.8801948988
-85.3023059283
-97.7734040041
-81.6786244753
-44.7496556808
-61.5948980168
-123.587580472
-126.570523373
-42.5682647036
-75.7822577432
-80.7047977168
-114.193824395
-64.1923386616
-54.1551667792
-26.7578780424
-28.2864268817
-90.0902722128
-122.337539542
-38.7313310575
-74.5699277968
-43.4364806107
-145.473863737
-43.5997942323
-43.278392489
-89.899325579
-64.8155363697
-38.4856672333
-74.7346611677
-47.9846561636
-65.4622266942
-155.319994691
-71.8879886012
-116.185242805
-111.951112901
-109.800639381
-74.9989384128
-120.8870614
-75.7379398194
-99.1071601194
-69.788670531
-135.986437077
-43.3491685759
-89.2788399836
-96.6889458031
-68.6791949611
-48.9444561176
-66.4352388963
-58.370060047
-72.3181239616
-68.2001763586
-41.170997453
-86.4948894513
-31.0332679002
-144.103149032
-137.114503025
-123.348861111
-100.644954825
-172.213769112
-112.392295029
-88.1101608076
-53.7209460724
-37.3794336859
-82.3953376701
-45.3061330734
-146.164679351
-61.6258790595
-32.0189213205
-83.6315285065
-51.2681190887
-227.078783104
-51.3822568439
-119.914831009
-174.743083481
-78.6315665276
-24.258456002
-101.257818381
-147.508117409
-151.758552812
-80.9621379553
-26.0667124248
-121.907110717
-88.9006959571
-82.318286354
-45.8948438754
-153.52827882
-128.556960546
-23.5442949457
-74.474429287
-54.5729269846
-195.755055919
-48.1189341114
-113.454677216
-48.5641678355
-37.5153730218
-79.1291058885
-211.588668387
-110.588287251
-38.0147036361
-44.8106391368
-31.1106724776
-34.7537077399
-36.9920417631
-90.7689232071
-92.2005781339
-83.2526683528
-101.839105042
-90.0219508859
-97.5821000238
-70.0600871181
-71.5704659183
-115.70892961
-59.3166137396
-30.8856859511
-96.9636304373
-44.459556666
-59.2236858869
-25.2940703675
-84.3022961422
-101.800402149
-117.641799915
-42.2619721197
-57.4019265679
-36.2993691646
-87.1238806548
-56.4574086643
-97.4243419632
-85.2261641342
-45.713095191
-38.1453232783
-76.9398813841
-150.212277594
-92.8161570035
-116.505188867
-101.761710029
-103.396203817
-128.951484531
-177.255497742
-136.820204447
-75.4323355854
-160.547687172
-105.938851993
-101.353775322
-110.639054143
-39.1878353318
-176.237576183
-108.412490336
-179.728995271
-137.271302645
-179.812812789
-138.837450677
-163.694582183
-233.238425541
-127.583986512
-53.7755168869
-78.3910515804
-115.622009289
-124.071417063
-57.1701501362
-42.893972524
-65.4261783939
-132.440159828
-77.9349807674
-52.6672458315
-81.4834985547
-145.911997065
-50.3880863583
-63.579250568
-77.8879417668
-104.475943246
-77.8347221085
-84.0669583434
-69.1091051597
-151.181903406
-76.3865685021
-72.4123624472
-158.214998288
-51.3115462544
-79.4007742665
-152.192856048
-143.340035446
-30.7301158167
-30.1719543334
-31.2869596365
-56.3014071541
-90.5023348807
-57.549432055
-41.9405930895
-108.547320639
-63.2483394659
-92.5305608455
-24.129871694
-111.086376341
-34.754836348
-118.39629672
-94.4725069808
-116.627800795
-75.8622949431
-87.9420268118
-67.6082687612
-72.9092656181
-140.379954515
-97.7536364818
-192.011101087
-116.947944481
-98.7002495375
-68.9506816216
-73.8267620893
-99.3944104657
-25.9123575584
-88.8305647807
-34.9113644145
-133.74103711
-117.499002593
-75.2375405273
-43.6083410196
-96.1968921514
-5.45130193302
-160.739303173
-60.7201460944
-95.6142622054
-101.297418467
-190.644315616
-69.7344766605
-29.6815648563
-85.7289553063
-89.7553983686
-157.593977453
-83.4287817463
-69.0786329676
-44.3538878054
-128.310685461
-98.6675377911
-26.5495703206
-89.7938741676
-122.967657732
-147.831560302
-55.5521505132
-137.234193945
-123.702085915
-51.9690997691
-83.3246837521
-93.048820345
-114.3878892
-91.9570443125
-84.7520825509
-165.572293699
-41.7815104219
-77.3911494732
-129.344596357
-90.0310011261
-154.382901828
-79.2715186316
-67.1802169576
-90.6557221274
-32.1484940846
-59.4193533547
-37.955307693
-47.952208373
-108.797116537
-83.7500144742
-173.941935238
-127.217773521
-136.165654296
-45.2992280866
-124.916288337
-127.79963926
-135.159669592
-119.855605576
-91.4823350337
-74.7130359633
-156.289462978
-61.0542575608
-88.3191209706
-67.3460625606
-116.85261152
-73.4889304643
-66.2532618971
-129.204928384
-136.902332844
-77.4487137704
-134.014324574
-47.5502651518
-107.757520679
-178.809375809
-103.331482063
-50.3978740385
-110.325442531
-49.1804331932
-38.1843989198
-60.0737427793
-146.388304123
-122.515007911
-64.0049684636
-85.2224476032
-145.655807951
-111.792494169
-126.009024712
-74.1558252082
-53.2707132085
-3.98460994143
-106.788198298
-79.8599559106
-58.9233903741
-135.027596054
-51.1522364919
-39.1092662644
-50.9307430278
-127.941294318
-99.1457557645
-98.2005385577
-94.0499623193
-85.4299377436
-97.1126978564
-94.230647348
-152.934959004
-84.7518883796
-280.569470732
-72.9526778061
-125.741881714
-26.851378348
-78.9533044026
-98.5661416326
-130.411568658
-90.5729331927
-79.4464536793
-88.4616780154
-4.8637531326
-85.218044266
-29.7636596977
-71.9249764501
-52.8413648408
-112.155108112
-105.443413132
-92.3848308788
-70.9463725278
-86.859867723
-86.4687990172
-139.933786363
-163.251244135
-9.22347458709
-77.1718130573
-70.467696101
-87.1451065701
-55.1840050823
-77.67497341
-45.9646978093
-31.9186185694
-80.5500772291
-131.77667206
-177.089869587
-112.895313792
-107.477425359
-48.1822039036
-85.6636412758
-107.499090177
-67.8965643393
-66.5282286667
-63.0398569425
-112.684165701
-68.8407994926
-83.0280982917
-155.52367203
-63.8798677762
-74.2248055508
-53.672327849
-53.0387530345
-114.82878565
-96.4522028455
-59.7424692769
-100.455347626
-107.416362455
-38.791028513
-79.068172901
-100.526843003
-77.490516125
-77.9347423795
-83.0163626319
-29.8393010316
-83.3377809301
-78.9181294551
-107.070474641
-94.8286269484
-50.1352078092
-91.5794619195
-88.3888293654
-87.8160963779
-132.803812546
-76.5679243314
-71.4224914921
-75.1156031951
-83.1990177085
-127.226474627
-73.3274596552
-247.285858756
-65.4740646492
-80.3903776319
-45.0875196994
-94.4871031228
-58.1851265288
-43.7873660645
-75.8339661284
-52.7887409519
-24.9937337237
-107.337871281
-74.6625145099
-104.873288593
-47.65703139
-40.1554804974
-60.0449236684
-70.1337063398
-84.5194978348
-23.1797384274
-83.4656770409
-22.288417764
-54.0465951797
-53.977109771
-131.610394449
-37.4004233465
-64.5902099446
-114.553375641
-43.8797451212
-66.2428104445
-40.4752100247
-73.1528432191
-37.1709869868
-111.375474712
-36.5720802586
-82.2177901241
-64.3868674304
-79.9899021396
-103.902818132
-74.4868025402
-100.461533961
-29.1053179807
-68.9841399426
-114.046766932
-167.763719094
-63.2316812863
-19.9404609503
-29.1359602136
-65.496785254
-22.098675878
-10.5156341118
-28.4716447991
-122.37008676
-57.8190644086
-88.7020555236
-138.10411229
-45.8683217525
-63.2087895908
-81.6845763368
-56.1393758954
-67.5758562201
-39.4975356425
-112.296068001
-108.844422555
-142.476132758
-46.4751284855
-113.292355266
-76.1807263204
-64.0537442864
-131.351505243
-77.6208399448
-71.2518033088
-82.0446991304
-158.095011727
-13.8883756184
-87.6074271049
-46.4092031585
-19.2620450334
-147.551682986
-35.5577963741
-32.5949581182
-60.7086508001
-62.3087962013
-72.3667814173
-115.686377424
-97.0569275984
-21.1619372916
-94.8699107176
-53.9445066388
-56.0205277413
-40.452520349
-65.7020970945
-60.7871338998
-6.98862422397
-92.8463655992
-106.864870093
-106.626507332
-23.3532158395
-71.3022604517
-77.8435312427
-103.697102307
-47.0873445018
-63.4098400485
-35.3930375916
-78.7246953715
-121.067199775
-58.1124661488
-51.9354546497
-41.2820054593
-117.928864249
-45.6772921929
-69.7936949386
-42.3021258902
-84.6987813987
-67.6403537281
-154.946920571
-151.003276296
-53.7384907771
-125.802777938
-131.426422713
-105.252463446
-78.383576615
-82.6500771559
-128.896132599
-90.53077494
-132.588471474
-128.149952047
-50.1404731457
-105.306339356
-40.2842248386
-112.35159717
-191.343202726
-116.716828107
-76.3791679011
-56.2433381285
-151.849127118
-80.7489203828
-111.18190705
-124.458343884
-107.748484257
-46.2382044972
-56.9227843638
-103.904211214
-122.927308727
-113.360623266
-84.7510536411
-51.3448931882
-112.916969233
-66.9840766428
-75.321161273
-114.477749605
-31.638089311
-53.0628118597
-38.4618715288
-40.6981343621
-87.354913687
-58.2505165613
-64.9983720082
-134.36923653
-127.484485554
-151.859610505
-71.1496415077
-40.0628538888
-160.712462118
-113.614419767
-109.873455659
-39.8010472589
-91.9592052991
-120.051544657
-140.328196584
-87.6973656141
-63.9756188419
-86.7750795753
-120.647766205
-58.5764144068
-118.647218336
-50.7658075297
-123.002161782
-35.947890565
-75.0079819905
-40.9131540482
-61.1722714246
-221.779582644
-78.7232815825
-77.5514159316
-64.0331762636
-83.2025175019
-21.1431823861
-96.0946693746
-66.2402902565
-45.7598504716
-18.4502539419
-67.1682177829
-82.0197246563
-80.9851723365
-56.6058985541
-84.2039702193
-46.8078295686
-75.5840492163
-68.4680390392
-59.9712377832
-78.6325448214
-99.6672390415
-61.217461115
-38.1233864348
-47.7624373481
-111.829056981
-19.8786534053
-68.3707540641
-81.1204391953
-87.4033105352
-47.7347733613
-69.902804839
-52.600556661
-74.937790404
-79.9618938798
-43.0817560528
-66.253543269
-68.8081200923
-70.1396463392
-108.060191601
-91.440703447
-65.2949052462
-44.0984369661
-139.424622671
-43.1187192397
-115.491998918
-57.3288640707
-27.6054772887
-29.2234115748
-89.7144367261
-47.4966055228
-59.7358618738
-45.2140024397
-126.765096321
-101.484293904
-123.86028876
-86.6071857906
-47.6099209063
-102.69035866
-52.9174887132
-26.9469839795
-145.049081181
-101.602095885
-19.6545504103
-131.104842565
-108.361593981
-94.154774946
-49.5900174446
-64.5737362475
-19.9640035874
-65.2763068113
-45.6674613162
-49.5642667131
-89.8859536763
-97.7040308404
-89.0281054898
-51.5208961922
-70.8601226085
-63.0373731036
-32.3732472119
-89.3432537911
-93.9416496294
-153.5726187
-72.3996956006
-29.3948911402
-122.411518992
-152.743574746
-65.6167224747
-78.388917767
-49.2175567136
-43.8649190254
-43.5474186389
-110.104057059
-106.710320126
-95.6895622889
-167.824460877
-92.0132698141
-155.787820269
-35.2128657619
-95.9440317107
-74.9385862874
-91.7527397755
-62.8801567229
-91.5092303884
-81.1276588664
-83.427156103
-95.1877826075
-92.2332352863
-83.2837905627
-177.787822
-237.969611015
-88.6882230385
-22.51432899
-126.705313321
-190.784537466
-135.205890099
-58.282132643
-112.35593971
-148.427577695
-60.9687096329
-64.6864634707
-47.7133587305
-34.8856094637
-57.438915195
-64.911728896
-64.5893066445
-79.5040406318
-101.592353464
-145.751697398
-74.3111827278
-39.1203532074
-96.8117431131
-51.06300356
-54.0431473153
-34.6631917025
-30.343699645
-44.3285419965
-42.0838651336
-25.9166080138
-45.1549228755
-130.05932338
-60.7758060104
-68.1745198477
-49.7688222347
-228.767698613
-101.718862116
-157.596037812
-199.777566044
-63.5984617128
-19.8470315867
-23.0943354915
-92.2711841809
-105.422683062
-82.1131018989
-64.6855887424
-85.8878833446
-121.126027065
-129.432607424
-158.633318399
-91.5379422932
-35.0096169216
-99.949467602
-63.2517048562
-41.3871578647
-126.549365781
-35.5726362951
-42.635294493
-50.6351074539
-118.704946055
-127.529534487
-238.624490358
-119.197816799
-158.130916325
-109.657766318
-153.250792757
-57.5427469021
-96.196245151
-53.057852868
-57.6841538529
-69.4607555171
-143.436444802
-69.0114201422
-35.4636034512
-89.6339037726
-81.7907332837
-102.260300884
-126.390456541
-102.307855349
-76.2410113326
-24.3783175019
-87.1319698479
-80.6423916867
-181.841951502
-57.1872432041
-37.0926663081
-134.10028666
-34.8003275036
-90.9567353056
-131.461729346
-51.3902233333
-37.0282416601
-22.176018373
-55.5504513614
-195.447095174
-125.039761471
-80.7887814771
-159.24018717
-52.5653148614
-43.0640230145
-111.744701263
-112.887617151
-121.570638071
-119.379266182
-104.231249976
-70.2252004959
-123.572186964
-70.0146454612
-103.26819295
-46.7477277657
-82.2744519534
-18.6974215003
-90.7903480131
-120.440814492
-66.3658602196
-94.7978106428
-85.993423682
-123.107441429
-74.5381126698
-83.7722251064
-55.0612919671
-36.8366720061
-144.258449128
-134.959960712
-147.166157492
-101.302167974
-97.9502607925
-114.05134933
-52.1867827963
-133.828192709
-110.471718927
-39.5373552862
-59.4099723917
-86.5487775089
-18.1745688648
-123.863053731
-58.3634205475
-92.7379721145
-104.568287627
-52.3963976084
-75.3909344653
-101.96527192
-82.0972514785
-52.820477144
-109.822940476
-131.155768093
-41.9804011191
-72.3858887034
-97.7784234979
-61.0836746663
-25.1082297913
-80.6911896653
-106.152664081
-44.1412425082
-156.109965892
-76.5741063596
-61.202210524
-109.45444577
-82.6686881297
-51.7879533069
-69.2523404275
-153.882964324
-61.9196044272
-34.7214682514
-26.0965261648
-67.958998721
-94.1893202493
-28.2546130659
-80.5338542233
-45.0129383003
-62.553945225
-219.335031715
-94.580043001
-165.338992683
-59.5416749565
-100.726088804
-67.4439221655
-86.1893588529
-19.3958299629
-95.6902159298
-111.593200233
-78.9841515306
-96.2622161093
-33.3958005034
-37.1725335301
-34.9656464916
-36.4250703895
-51.7158866299
-33.4951749588
-64.8728468822
-44.7723814431
-57.1048692508
-67.1135692909
-83.1109788011
-37.5086151663
-105.646994779
-61.0171538599
-43.9260024982
-55.6911903139
-55.0957572404
-47.9830783115
-86.6775562488
-35.8699510716
-40.2469514182
-80.9967215511
-108.858769118
-86.4752078745
-91.6367970723
-94.8189882774
-57.5383909825
-175.091768163
-153.862297468
-138.832807375
-49.2983108874
-110.488778211
-190.388820388
-105.139835039
-132.373108996
-22.9391971696
-3.322305313
-47.0179038682
-190.275109087
-92.6094502562
-46.0767440811
-44.5267688068
-112.055880812
-121.426285255
-93.5314832379
-52.9260058046
-74.6785408581
-113.953763545
-10.4193685242
-114.665372743
-74.6657723393
-62.9803247807
-118.722255268
-56.0525056118
-98.5914837585
-36.3558201282
-104.841032653
-48.1494329329
-85.2984705772
-67.0859897596
-55.1512533077
-37.5034585954
-74.0142484168
-80.5181604906
-52.9461090406
-31.2268596809
-41.3366266914
-60.0900265612
-90.8134689218
-86.5929438034
-60.4996733425
-48.2614253318
-63.7525040471
-73.694597312
-106.133558126
-51.7784971017
-77.4459766438
-36.5216372735
-24.4167066252
-67.5104284505
-58.1068211915
-44.6260540336
-123.635150199
-171.010595634
-67.4492928913
-40.762709416
-77.2244986875
-79.1783325962
-74.8294948648
-126.092426298
-148.635950082
-127.60665665
-103.986503748
-73.9096817581
-47.4417733095
-86.469218009
-40.1096897431
-58.1544024376
-150.321939607
-99.4335087402
-56.8757950161
-51.692133263
-56.0660336114
-39.6746788817
-32.9344192334
-25.8532684488
-37.2222571339
-56.8848831131
-30.1708691746
-91.7493203096
-33.0057857822
-80.0215420654
-12.0211285496
-11.9139667378
-16.252776196
-71.3596572318
-102.064074498
-63.5341659111
-48.2544223608
-73.4901845652
-76.903629302
-45.3063444776
-85.6994255993
-42.9028430126
-104.008377113
-90.0190326442
-119.563907455
-94.2566810205
-44.0654784698
-62.1426471068
-131.065152486
-53.5192617234
-88.6146719185
-39.613335438
-62.2992171273
-21.3167221499
-35.8642012166
-67.8695910317
-53.0017285203
-129.010444579
-109.499366615
-81.2202131429
-41.5932170244
-91.2373756903
-41.6285765403
-64.5951646902
-71.5168709836
-64.394215088
-112.562293939
-137.053151397
-60.4031620657
-41.7915664561
-21.6878500711
-26.3227202181
-119.47939802
-112.125147313
-92.8786170837
-106.281638569
-90.0168235201
-87.7262444912
-61.4283235462
-42.8825242906
-85.5277476835
-19.5958166996
-20.3981995199
-34.7739298339
-105.307175744
-75.742340253
-86.723673363
-75.5616487183
-37.1973210857
-63.4224486051
-105.475403083
-25.9535602317
-29.7914512537
-40.9774392218
-38.545974339
-55.7223951129
-24.8688148844
-20.6362442497
-73.2352207431
-102.965836244
-181.179160166
-250.651572922
-21.5396221586
-109.35314655
-61.4048446484
-49.790380201
-106.757019168
-124.177017381
-64.3264775879
-40.5601840696
-66.3453360884
-18.9396340726
-69.5455253161
-126.255264072
-66.0966053262
-34.5022126734
-90.4307411862
-37.1690913554
-48.7335580707
-64.4365033189
-20.4024656077
-30.4598502591
-26.9013745501
-56.8303857138
-49.0465434628
-70.3955895837
-96.3575330999
-37.4980400599
-73.8210713276
-37.3776375949
-97.1232370112
-96.0335208999
-83.1589226216
-88.4675490371
-32.0788647267
-67.257276854
-54.0338527783
-161.067403309
-46.6296361474
-49.4451895838
-14.5290073045
-76.5114791686
-60.5345311159
-46.9236634061
-49.0001438017
-114.667964541
-5.69039521179
-62.813091929
-61.1437970061
-44.7020020837
-37.952224831
-44.7583601072
-52.5208711371
-30.3591732929
-33.7090494118
-111.709233812
-136.564223068
-77.4704322127
-81.6731768604
-49.1085042657
-46.5707244766
-32.7058439662
-34.4303293748
-71.8180672498
-16.430498115
-19.6082447085
-28.3987301496
-109.858009371
-25.0276079311
-88.5223305341
-10.3134312207
-91.863458134
-49.0123939216
-67.3364306845
-144.960618077
-112.916865147
-22.465422895
-60.8263532463
-36.5050709388
-35.6531184695
-113.535149061
-57.9402006271
-19.2900626353
-31.7470294481
-33.5528305535
-63.5807234099
-84.6897859565
-57.211524152
-17.543843953
-82.8388238516
-85.8893164049
-90.2575639769
-131.327781601
-105.237559647
-99.0777177715
-56.6277217476
-102.612735717
-50.8669280326
-85.6166022295
-71.6829395003
-41.5313590365
-108.10470166
-127.507327775
-44.2499384874
-16.2079546161
-177.525560227
-105.406677887
-53.330930043
-99.7034423237
-30.1622757101
-50.6163561167
-43.5986104083
-31.4627051144
-11.1963524858
-77.3224231001
-75.730556967
-60.0199810685
-37.7487679678
-49.8161561217
-68.5037112847
-52.0965156871
-36.5851935373
-67.5528340174
-4.62740884219
-75.1309696556
-98.3851839358
-35.0929849907
-125.799877603
-86.6386447019
-86.6760108995
-32.4303221641
-11.3048504817
-4.62740884219
-97.0260317307
-57.4243166826
-32.0409251152
-24.3192881459
-54.4098998149
-67.267272603
-50.9356583949
-73.6752099546
-101.199862269
-46.8870680979
-90.9670352688
-13.4692487153
-125.397316027
-47.1854955997
-105.3427875
-143.580830919
-44.4769218392
-84.6239470424
-102.858699467
-100.876886782
-41.9980587801
-113.594224316
-75.1910225476
-70.3702601099
-113.891117038
-105.036908436
-78.0268861111
-73.13030595
-41.2473263691
-85.8515752997
-140.132854315
-62.9477193265
-94.4458609948
-76.1179637026
-147.008358208
-38.2430155302
-110.560471036
-69.2659678108
-17.117190379
-118.497306564
-64.9964473588
-21.1734139368
-54.4328099958
-60.8026435329
-169.584034789
-47.1201433663
-105.793874918
-16.9608613434
-122.023754072
-141.633647508
-70.1304814527
-100.187247558
-173.871751745
-47.4139918212
-100.819941817
-82.7917965976
-26.2677080834
-68.1560046774
-144.8937455
-75.1155675703
-105.347462267
-51.2464025227
-34.0499096085
-143.572298365
-65.6759211723
-74.3686110352
-125.37884271
-128.145363649
-52.3219845431
-52.0660070651
-213.629499995
-22.6414571804
-65.5656409913
-14.1835284637
-45.4712880399
-157.276855161
-16.3054245635
-41.4698166346
-24.5644148698
-176.673559264
-120.348780027
-13.9047874177
-89.7820693377
-98.5778002581
-70.0686213533
-63.878189025
-143.378177437
-38.6656399606
-46.6000872458
-105.641161773
-15.825280258
-26.7011578081
-138.259029962
-94.1415310499
-71.8012186457
-167.669855991
-87.9308166302
-170.16661925
-59.8422987906
-45.1554322477
-188.215336354
-44.2327876451
-89.9750583311
-89.1064326462
-49.3048689733
-70.438165019
-120.252158776
-96.9846009889
-41.4711630635
-139.948160408
-61.6100643376
-56.6537191394
-64.0727388551
-47.3217879407
-78.0864092985
-17.1852170281
-96.6833932068
-127.259629379
-84.5655932706
-74.4181506951
-55.9129624104
-63.6018076468
-15.6062242042
-73.5146684438
-62.9728790006
-88.3697906148
-38.0225075515
-63.6798963397
-66.0283223894
-49.8938616372
-62.3947404312
-42.597034994
-87.5470150811
-48.0919373537
-99.864503642
-45.22754787
-89.1835013343
-34.3251294954
-64.2813614233
-62.0557841724
-29.9905591708
-49.9193591778
-47.7200237285
-85.8055299608
-70.0433111584
-55.8164931951
-26.6346047675
-6.96492058738
-55.8620172153
-34.606014796
-35.1062363176
-38.2515456343
-126.336796147
-50.1235336612
-186.954785662
-52.6508928095
-41.872200395
-75.710550271
-28.199222714
-72.4251457962
-138.44608202
-23.217306393
-51.30170505
-74.5480802999
-22.5172990834
-65.377892574
-13.6375017569
-85.3543270872
-74.4695475343
-17.7252539074
-58.2884572425
-26.4018621846
-127.183439727
-83.8992469814
-70.814668507
-99.0822525583
-95.3778073951
-66.7056057276
-77.0449379463
-62.4442615229
-47.680420963
-26.37285925
-97.1505147222
-43.9272215994
-81.2636024862
-111.653731946
-103.34860871
-22.203109171
-80.0219123031
-80.3269122419
-98.8719220193
-36.1027291833
-68.0955566687
-55.6569295217
-35.2035792044
-30.3206574271
-41.9498699111
-255.91781372
-38.8803401243
-86.8273251882
-49.1430401504
-23.9442820259
-50.4485817774
-43.9480562235
-81.7494070062
-43.2704524155
-29.806046835
-137.912078506
-218.354322045
-58.2704899732
-101.341589668
-136.09927059
-56.7375208366
-49.2398820743
-45.4362278616
-104.145613421
-116.077617547
-83.7698606241
-83.3522774637
-123.385238723
-132.095619325
-60.1899157554
-23.5341350292
-91.0434228555
-41.8953956559
-30.2893110634
-200.382466125
-124.508172785
-71.9921652867
-36.8252038644
-55.465877821
-60.0974117076
-97.9806209531
-43.7806728066
-75.9179379971
-140.614583949
-17.7709889263
-118.491103009
-17.2942639425
-111.263605556
-137.612757913
-39.0560113331
-70.4468026709
-30.2228270992
-52.933082051
-33.4804625872
-24.9454964774
-124.967223153
-88.2881026202
-177.355858495
-41.4247883884
-26.1308164626
-30.6883931501
-42.1449690823
-98.0722062372
-114.497971831
-50.9276927357
-71.5682989386
-19.7492478135
-83.1811354569
-33.8793762879
-84.3577051798
-52.5675427129
-43.389019408
-40.9242305818
-42.5925735851
-55.0131276373
-9.55548411651
-25.1944134698
-188.842789323
-80.9076773666
-96.2954922424
-15.2413565224
-173.287992956
-20.8546837203
-9.45862474148
-34.717375908
-59.186073035
-136.485014802
-75.1008570275
-20.7695963882
-47.8608685036
-96.04130879
-34.1273120477
-26.8079700346
-108.670817607
-34.3124795302
-88.5474830513
-72.1625431095
-161.69548162
-120.281729353
-48.6457316794
-79.7559601897
-90.3065650604
-99.1883901541
-72.40809621
-43.2477989205
-69.9242319826
-94.2081884882
-39.7066432741
-17.9698495884
-217.017332187
-92.0907106206
-125.011916711
-123.941904199
-238.196251024
-40.4066945607
-164.662629965
-85.4627707255
-78.0067011792
-73.4085245175
-38.1412674553
-31.6981040393
-13.2460736955
-80.6760382151
-18.7345859647
-154.810324473
-55.335726045
-44.1707724473
-90.2584628651
-99.2312348805
-41.334538223
-72.4722455079
-86.1803304773
-18.1931298629
-85.4867127387
-26.3828214155
-64.7924415092
-149.220871333
-95.1535898187
-36.8147277517
-50.5746228807
-67.0139811896
-96.8270536934
-62.3363822719
-113.943789956
-22.7153641709
-102.660040161
-85.2892795829
-121.611388826
-154.655540908
-95.5379516234
-58.3380933892
-35.1789038722
-54.5838584152
-127.210679767
-29.5525190532
-49.9828946008
-26.5567965506
-60.0401507525
-124.942683227
-139.781662482
-78.8674481793
-50.1679914864
-93.8923663358
-109.178868826
-145.320504057
-89.4793276181
-84.6543773169
-48.8587799994
-64.968688088
-58.0018126107
-81.4347893083
-42.346928492
-86.4805618899
-28.3052337445
-121.826399216
-61.3737643948
-122.768344856
-36.4838493986
-60.664969883
-133.690708631
-74.6656789019
-125.804843451
-78.1688808608
-82.4631502157
-66.9699609325
-34.2945964099
-64.4711524384
-132.048154291
-80.8356161698
-55.1664527946
-81.6914838224
-46.3037819326
-61.7225581732
-27.444257432
-76.4522843219
-56.5233456674
-140.879813551
-130.754900289
-95.3679363558
-120.056566059
-95.2054481682
-36.26542608
-33.6044657837
-79.9858712253
-192.806223028
-137.214034954
-81.1127049271
-78.6066453795
-38.6585448484
-55.1522966501
-42.7233097494
-53.2871473666
-60.7520269095
-98.0279436177
-123.716118644
-123.143486977
-47.4692668264
-64.0677830117
-108.095969506
-40.4379991845
-72.0635720589
-16.4164073896
-117.367331587
-128.893374668
-130.19207818
-138.233996208
-40.4606107318
-88.0353312747
-85.1184016331
-43.8951941463
-208.407599766
-38.1147011628
-90.224384704
-39.003437643
-61.4380644536
-75.7230907648
-71.9467233144
-70.0291169818
-105.758937479
-52.4738210407
-120.461341077
-52.4632548236
-47.8474011707
-63.2099083358
-97.9817888263
-81.2959569793
-115.222915027
-113.868555553
-121.164879742
-52.4799922261
-95.5419292705
-70.1662588468
-140.165870228
-174.648603707
-45.5707891309
-89.3208444532
-56.4878894904
-44.1690395687
-82.8583194601
-63.189285295
-24.1842191273
-25.225740213
-84.4699246811
-156.625597087
-57.4754311515
-50.0555638994
-73.4415119807
-70.8042385203
-111.326041035
-93.8018271105
-48.8080051887
-60.2852473366
-84.8504460407
-53.7737556944
-88.8505114529
-225.369693613
-63.3715598219
-12.0595657009
-18.970005247
-145.750727731
-87.6959639974
-184.133189991
-91.8858468965
-81.0007398
-19.8014996087
-87.6714601214
-63.2105925713
-83.9993032025
-133.642527045
-87.6287896951
-153.625502376
-74.1561249253
-77.2036315978
-140.658774844
-84.1584756084
-55.389130899
-93.6648994853
-66.3563624434
-41.9865387271
-73.6897017978
-153.83730477
-50.096599611
-124.419351799
-97.0041739108
-125.726942367
-38.8233016956
-66.2854514203
-18.5796955585
-36.6590404157
-44.4424815075
-90.0747833512
-194.31917677
-81.7312984157
-21.2546685364
-20.2602822167
-148.534659636
-52.3329200902
-169.791357692
-79.6263356454
-127.47441903
-222.749036622
-28.8527407032
-70.1114940584
-54.4253854654
-211.370035889
-71.5243373156
-64.1359952615
-72.9348019548
-37.7321475751
-88.3177447166
-119.028176402
-107.340167246
-84.4073996667
-52.6210991123
-108.295206786
-83.2789026057
-118.23963399
-30.870946192
-169.405814508
-120.655324765
-63.9719326404
-58.838617939
-99.3764575983
-125.904827297
-122.201154783
-62.8650505951
-80.7032254086
-101.569080955
-12.0712254435
-78.0584680597
-17.3076941458
-136.238579038
-133.324976704
-22.4166813567
-32.7956376087
-86.6558733048
-50.4417266407
-111.75520289
-57.9280291888
-40.794372985
-18.5189378886
-77.6465708112
-113.657693121
-35.9201482064
-39.5450934186
-136.431209599
-43.1099354918
-91.9889447033
-137.09625246
-29.920180784
-67.7288561625
-14.9621403
-80.0119776588
-35.7831852606
-136.955324117
-109.612763384
-139.467432732
-144.349335084
-92.5298345328
-103.377882318
-99.1904847286
-57.8319935947
-107.487043798
-155.552905581
-94.5121201658
-101.664040398
-90.7428477918
-106.200249121
-108.528434671
-45.7561146799
-91.9553856206
-111.129408687
-114.46764604
-121.403624084
-115.603247945
-36.4629310541
-35.2698460188
-57.4609068853
-45.120227059
-69.4940231561
-63.0110619846
-132.867530168
-65.5948204977
-135.724936628
-58.2971020574
-124.534259535
-66.1013423915
-127.486999021
-49.4667892431
-28.061134633
-56.1205079505
-109.178140357
-65.0188052203
-86.2382624125
-34.1539764619
-47.0415065925
-59.4927022877
-52.4827032766
-97.7455384974
-34.3926279827
-59.9474527251
-92.2626937619
-36.1419410359
-38.2710791278
-18.4746849857
-60.6961989342
-28.4612810304
-78.6237260608
-91.9114415106
-76.7247380159
-35.8518942846
-89.3700835179
-66.7595781562
-88.3146340584
-80.9921678695
-54.5662305368
-109.813776278
-132.407745004
-67.5248701144
-110.588897859
-85.6222319974
-79.1858832671
-77.001411301
-226.832701112
-57.7325572973
-82.8420217227
-156.717308664
-115.891022034
-29.7752401756
-68.9705806414
-78.854791934
-105.62641338
-87.4174924678
-113.217464083
-109.038550981
-147.461925547
-62.403458055
-329.59341835
-104.16708037
-54.1094846056
-68.839929477
-126.228702371
-54.0413711276
-57.9319961391
-103.714340357
-40.2535686424
-41.3068332003
-149.09047062
-111.620728612
-69.3142295508
-78.0970662327
-31.7050608848
-102.782870677
-17.6596402688
-36.3724938255
-98.2185879337
-284.562817742
-49.6330876323
-22.5120063445
-64.898882605
-32.5947433505
-115.781831562
-56.0786421806
-21.6010562431
-55.1328986244
-59.0985501344
-29.9307818711
-65.7411724997
-197.243624402
-116.36269487
-72.3815917306
-152.219317393
-83.4472193165
-56.8295328253
-37.7178009683
-43.3896224656
-67.2507338558
-95.6396293615
-53.9517791967
-41.2124456127
-29.975097489
-38.9300006511
-25.7027425777
-114.902290897
-100.728756186
-73.5574597316
-82.7349547551
-93.7920762574
-84.4652356916
-78.4404360856
-93.4490072178
-56.7174075201
-37.2271235192
-36.0680937102
-34.7277058619
-110.853927449
-60.1215635384
-85.657590213
-44.2618911386
-58.090889482
-62.2816298052
-88.3779536389
-77.0859975966
-30.0670489702
-74.8091834408
-52.0792191495
-60.1787149407
-114.014161414
-152.169431998
-121.985719088
-149.878782537
-103.183048728
-85.3806722199
-30.7268084355
-203.269518897
-121.17345988
-117.625023214
-127.111870748
-143.658407991
-175.612320231
-126.79435314
-122.17495247
-109.962555459
-68.0869040667
-62.9795014354
-109.927194201
-41.6031944784
-103.533520627
-181.288080129
-89.169886177
-128.769508093
-35.8956531126
-45.4609718344
-97.8683585214
-84.288376271
-116.614896594
-39.2015198633
-49.1179546455
-108.149212318
-26.7389603054
-42.9848218892
-107.120081789
-81.8174451992
-47.3978884703
-53.4100850084
-10.8630315532
-156.022129695
-100.951323462
-83.6216008536
-46.4563820344
-15.3790379892
-48.8081427396
-74.2681152998
-63.0265633094
-61.3653534093
-46.0018157132
-92.5629434467
-155.254453964
-55.7322572276
-165.238724963
-51.1902368793
-16.6227322844
-109.809661938
-129.030913422
-88.7135021027
-80.221891367
-114.452752509
-100.566888937
-68.7241392407
-78.3550292661
-85.9562712585
-36.8359322153
-49.5184850969
-73.1893023053
-88.8372833017
-46.4658077331
-156.356647532
-82.5058990444
-81.649092002
-68.0281370097
-41.415200802
-29.262109905
-36.3427945265
-47.4532100012
-29.4122090652
-30.9759545428
-32.3503626539
-38.3500030174
-33.3445566523
-46.9573052995
-13.1655863
-63.5787469222
-29.6360090767
-45.100984525
-38.7753788101
-33.6694637583
-70.8863121233
-35.413340521
-117.914250149
-53.9991241033
-33.4450185183
-19.3816029635
-128.867745083
-37.6506484632
-157.729479984
-157.986729335
-76.2949617303
-13.444795441
-52.5221012292
-5.83346962728
-79.5227115233
-62.354337638
-191.47341946
-66.7218354669
-37.9927005746
-43.7280407268
-73.1008695797
-59.7098146223
-44.9020322177
-97.4638928671
-150.606858811
-62.8549523874
-110.988637758
-91.6117709976
-89.4328536152
-138.527802676
-139.972667775
-20.7878853036
-51.6690531528
-137.15057374
-5.83346962728
-72.9952469944
-54.7033177817
-81.3218510249
-95.1787399274
-214.903561208
-161.931824203
-43.5456301107
-130.524189468
-68.0066452764
-158.136700622
-34.4547322718
-8.19386707411
-37.9216695769
-80.7716527795
-53.1506645684
-18.9094808243
-41.6293788586
-33.384151465
-46.4137970223
-91.5130026849
-112.4882473
-21.1188283557
-48.7841064584
-93.4579497637
-56.8685384932
-106.853374154
-92.7673024375
-61.1165522441
-93.5184346288
-111.326166622
-75.0375218513
-95.836049003
-50.7937925666
-86.7801417913
-87.7385784114
-34.7910944479
-138.629416626
-66.1405899973
-47.5532200516
-135.949741526
-13.362611601
-41.553394887
-83.6777382518
-58.7814439292
-78.1124094015
-86.295290758
-70.9417352573
-31.2143736983
-162.218484842
-42.1926234201
-25.2003166282
-61.1981634483
-83.2857744114
-77.5485449099
-32.7269920143
-52.5693425479
-97.2052532186
-56.9951360423
-34.5925192342
-81.6716558602
-61.968465228
-47.6542871363
-106.671605865
-88.8210486178
-77.7174999825
-82.7593619846
-29.8285535457
-86.9876005571
-164.342846095
-214.152762568
-51.4387623415
-98.2261446236
-73.4430675487
-58.1922219395
-98.9695857391
-36.8205346322
-75.2614316858
-23.3911343948
-117.688047029
-39.9512965514
-40.6720366825
-38.8613674978
-32.7233271452
-84.1929892411
-65.3350736775
-46.8154019592
-30.331559012
-78.4359373568
-69.6074041592
-98.1345389604
-49.4201169821
-35.212436407
-54.4014844631
-52.9545607463
-91.7198229279
-91.6054191063
-80.0247131474
-51.5955405068
-36.2767225474
-70.0105052642
-122.140863692
-78.1836782971
-17.7242005702
-74.7310272914
-59.7434179116
-55.6514566589
-37.386245351
-136.587740027
-46.8800812651
-91.0474433903
-150.634623383
-84.8028079171
-78.0452854623
-150.708259826
-126.340581769
-93.6994387347
-137.562277938
-100.354734929
-90.5061289155
-71.3244116493
-141.477289586
-68.492486833
-70.6240933089
-51.1915183926
-253.029813475
-82.5418524273
-65.6483884773
-38.4298605529
-149.035818253
-115.574326905
-99.1001718172
-84.0524278264
-74.34746295
-53.1357686564
-71.5701202874
-157.928193686
-45.2727737481
-100.68492476
-165.053590442
-69.7646972897
-145.763712302
-73.1973674915
-127.919318146
-116.730733001
-70.247314549
-41.4235139041
-92.8218110324
-60.2350841061
-67.7058583093
-5.32908769271
-38.9794429577
-92.2716565317
-121.946016126
-60.4939379223
-169.514009791
-134.722123709
-81.348733297
-50.8361819733
-100.378925076
-55.8297352107
-68.026023541
-70.1104638099
-58.9195563958
-114.715715259
-190.317718001
-72.2041006968
-33.4033891187
-26.9166287334
-32.6365347576
-59.8946911818
-105.378971027
-115.546645454
-143.862850417
-42.3201827391
-39.1924667223
-88.9021645832
-143.728501076
-119.818195822
-170.167803392
-97.8327491427
-90.4615227429
-132.484733062
-78.1233094833
-108.86387025
-126.799531992
-92.0367855922
-64.7803554455
-186.437177626
-97.1934572163
-63.7162395789
-83.3551059372
-61.1542003226
-69.9322597099
-147.321274029
-33.3291606868
-33.3744685081
-40.1627405685
-72.3209556822
-26.0186911032
-55.8215751834
-19.6351530639
-33.597099216
-68.5684229358
-43.767445705
-39.8454167049
-63.1047705876
-6.21682409081
-27.256969796
-25.4461852334
-60.7769128867
-47.4573705533
-21.5187009603
-15.0534650311
-23.9432128834
-91.0952844695
-18.1639101807
-33.1761276976
-108.873973291
-37.8179920035
-24.3000424923
-9.27710102982
-34.7282322547
-54.7412393964
-65.3383916925
-19.0601908038
-41.6457951861
-32.0170159759
-23.7558533452
-39.8473096089
-11.0800667171
-38.2769588129
-34.5016313308
-63.8446450731
-66.9067811536
-24.2429092148
-58.563248304
-98.0820324708
-134.591806619
-54.1430718221
-65.6692148055
-89.3922718917
-71.9874033402
-151.492795239
-78.7691101041
-39.4094695032
-82.4340221041
-49.3397762635
-461.234950314
-90.2315110161
-132.561782295
-164.360655512
-165.845690364
-47.5213229935
-185.31797727
-216.583045342
-98.8069305087
-161.103396385
-70.7910980149
-173.538027808
-121.722743282
-78.4774433755
-15.3857856209
-31.3174988617
-139.865301255
-121.364086102
-137.840102633
-86.3221760048
-101.295805991
-129.342606117
-101.810276322
-70.5966728421
-42.2377630688
-83.934093989
-12.579913015
-12.2897506385
-32.946626235
-27.6244182184
-14.9592830684
-145.573353838
-122.221656879
-216.849551597
-73.2378057799
-182.810979568
-80.338040355
-113.1237743
-108.343154176
-85.9179991679
-77.0883113527
-122.608099177
-67.7035233058
-53.3071677713
-149.0749111
-140.258574266
-43.9716699404
-38.9029997632
-25.6756101294
-9.2820951632
-102.5208302
-19.7167354099
-20.7857832848
-46.4476869526
-66.3517940506
-53.6827853444
-33.8662929261
-50.6410721226
-32.3963980241
-45.3302181086
-43.3352635641
-90.5782226692
-76.6869220933
-74.8048023908
-49.664228222
-74.7963140082
-23.7999520707
-17.2756691355
-123.827431713
-160.709962703
-88.376684868
-86.38365374
-131.362717566
-52.3193980662
-147.274725385
-130.515665661
-62.3216091584
-64.7288460651
-64.214100838
-45.8812561541
-48.1022988285
-40.077336692
-22.7213722282
-24.756860938
-23.1767250832
-73.5826679791
-100.590390503
-45.6403098557
-77.6277766645
-60.645819322
-33.826248096
-21.3017900567
-60.946665357
-150.085981113
-129.220013304
-22.8847526285
-71.6754818757
-85.5168044598
-78.6771768623
-54.3329680803
-139.95215399
-68.2843684032
-113.557595794
-98.9962382818
-131.54735013
-73.1988513915
-146.125727111
-81.6873887149
-48.6166262019
-40.1527668031
-57.7474741622
-127.044222769
-81.2911344868
-134.936526661
-89.642733231
-62.8682982311
-60.026742957
-129.731664538
-67.4453702066
-91.1600529744
-64.8166215264
-82.1898653697
-89.1629036078
-151.540304537
-79.0159078036
-111.030020382
-23.1564538702
-114.618431004
-30.5188195202
-93.3151182974
-63.156225477
-130.75668779
-25.4666942111
-64.6519934792
-66.7986031802
-86.2160940447
-117.824843577
-80.2470964324
-112.071280151
-58.5699385735
-111.357775103
-37.6734108593
-123.243277005
-116.031069886
-85.246707308
-37.7990120842
-105.933649414
-59.8494752267
-87.5347230351
-68.2452668508
-12.1652104194
-106.331126631
-72.2631406958
-36.1237214789
-45.1680124793
-150.684094658
-128.583601281
-77.2915407711
-68.516200256
-110.549192229
-88.3595418225
-92.7134291661
-42.4053494845
-121.693728138
-81.9922907859
-129.019750066
-86.0636020972
-132.069473883
-57.0533651246
-23.0736356054
-66.8945001679
-144.884240213
-28.0087360706
-68.2161692128
-63.5334345155
-96.1264591645
-103.755645468
-96.450891802
-73.1478932612
-113.873565061
-112.29249819
-73.7583265788
-84.5526923878
-191.373051962
-111.990774485
-62.9822507886
-63.1624314739
-154.219039356
-87.8797204943
-112.053442223
-16.8828740838
-8.6590436814
-50.5582544058
-38.9432444339
-30.2480395188
-17.700629926
-77.2588008106
-70.3654867769
-47.1883720924
-22.6149222209
-57.328742492
-92.2177484658
-85.1639748359
-66.3563066428
-45.6169196921
-57.6307549221
-97.4481090507
-120.963670811
-31.7419315514
-86.783402962
-78.3934629627
-75.7935856347
-34.2573715858
-122.258396308
-41.4503668484
-78.2995062003
-73.3904639507
-71.4852322795
-52.9673644721
-81.9893999517
-33.4564189185
-44.6219848798
-60.9106665677
-16.3054636661
-68.8110948993
-103.39877067
-65.1854013747
-81.5808743141
-35.9921033375
-73.4957379835
-17.4606471978
-45.6587132407
-30.9221098117
-79.3890773144
-47.4847323502
-63.268080543
-50.257298161
-72.1357981759
-63.9032757653
-22.0778173722
-20.225484728
-24.5352876481
-29.1951417964
-25.0000489352
-56.271119557
-21.264746353
-39.3048091529
-23.9025906151
-42.6642867787
-50.8957848069
-84.3138887932
-46.7507242214
-152.618294862
-106.89919946
-96.8998391467
-64.4302783044
-148.483959714
-55.8275331903
-99.2244810259
-55.6538058458
-55.2733029101
-93.9631604278
-66.8033327306
-78.4050818363
-21.8714330432
-46.9873407957
-77.754045425
-51.0408341318
-59.0479043888
-100.431469523
-59.9388399323
-56.90818678
-26.2211244094
-63.8447451871
-56.5214453074
-52.7086421965
-51.93844831
-81.6239980262
-35.9100442819
-46.7725386401
-40.5216598872
-75.3349288305
-66.8194966257
-39.8958172097
-66.8728497929
-51.0733637928
-60.0035199406
-77.290470329
-21.7954265435
-70.106920987
-154.120528538
-51.3606785785
-106.292811969
-30.5002939505
-79.4807840527
-58.5727758409
-13.1185371821
-44.1234526322
-34.5163291717
-69.8128460948
-39.9549001916
-78.1360108505
-121.521280186
-85.9175224937
-80.6996565813
-63.2679429356
-62.3253872102
-67.3787505578
-60.1554801448
-92.9259784668
-77.4455421714
-82.983388684
-57.3600499834
-93.097663825
-53.7122041328
-70.8294711869
-122.467825556
-110.6298087
-63.1961294967
-34.4369498725
-55.1818173466
-133.828807231
-83.0714039617
-115.285905473
-33.9939209351
-17.4000406089
-53.4662182661
-36.3198679999
-38.6069364289
-29.517351628
-100.034371724
-97.4690664272
-183.621586588
-42.9680522123
-4.57204512497
-61.1400373034
-18.9069091058
-14.1773124865
-70.6515833747
-77.6352654245
-26.576796333
-22.0489972646
-27.8843002987
-41.3477840109
-166.74041602
-52.0835008655
-75.1138897503
-33.1987121281
-121.03998598
-21.9998136033
-69.9457133252
-83.2129420499
-113.492376296
-187.280718311
-30.5903003905
-107.389877934
-50.6315798215
-19.5830423489
-40.971844604
-91.8806690455
-74.2817235985
-90.772646405
-51.7077164414
-134.040270521
-94.6439519538
-138.956351646
-62.5278480393
-48.9548607626
-20.1662001578
-34.9018444339
-19.1298077679
-79.8192560594
-50.911474517
-62.2280504274
-38.4617181387
-110.003558552
-67.8414827547
-185.470535036
-122.872393032
-88.1407953094
-118.694538788
-53.9246045788
-35.0906206095
-77.7697337346
-172.991307159
-67.061182583
-114.746550499
-73.7143720225
-140.244460367
-34.072997908
-10.0669455894
-71.5625842624
-41.6653985589
-80.0065339048
-125.329121273
-75.1190770424
-129.402094157
-100.467500622
-64.6649796199
-110.568040972
-44.2842764534
-103.064037732
-63.193230802
-51.5627206243
-48.0830519913
-116.673466294
-30.6984202059
-83.2068166228
-91.8046215894
-82.8383178916
-130.931387999
-108.506037378
-86.9112909991
-49.2791199388
-81.0929961965
-79.5932287769
-62.9171656747
-72.2057092307
-27.3693406337
-43.239736498
-77.1933803574
-68.0879342777
-49.2800675286
-40.3204438717
-38.6465206245
-80.9935832231
-18.4812952196
-51.4091326683
-59.0317226344
-51.6763444298
-42.0344675465
-38.1694268763
-88.1003806142
-81.8121318586
-47.7115672425
-69.5326579878
-30.6472976152
-41.2134640685
-97.9172193633
-15.9054778774
-56.3870345858
-74.2216993901
-74.0445725751
-34.9908457738
-59.436176136
-161.841465057
-70.2622954921
-69.702403175
-109.119884777
-59.1940050192
-156.168519657
-79.9711682645
-68.7615237022
-71.6961802848
-54.7533438205
-61.2312654127
-112.915572485
-61.4962833425
-76.1310185508
-37.1942884816
-122.864133155
-123.73673209
-107.021780439
-109.088335417
-92.3445768183
-291.433013206
-84.5284964145
-94.780830716
-105.655925033
-88.2410757643
-86.2589390111
-104.047366086
-60.8451043175
-192.150805642
-89.1957728268
-84.9115823754
-109.480969225
-63.6048390052
-49.2967826626
-100.014725671
-73.1134378225
-29.946485208
-35.165025468
-66.8319282848
-110.518676804
-98.1920949942
-56.6715122415
-87.7185406741
-72.6304657175
-60.7239858939
-102.966754559
-71.2931753069
-46.324061886
-62.1831033944
-105.22074203
-114.301736227
-227.019111258
-25.3806177507
-283.040144856
-90.7470465513
-108.482506001
-37.2423018458
-68.5045111451
-109.127383097
-98.1539933755
-137.743875067
-71.1548051535
-87.6777929535
-129.05229083
-104.43617174
-189.475724888
-154.268058188
-55.3170503835
-187.87998024
-163.296689211
-95.3243203387
-82.624038132
-73.3269467037
-75.5043710954
-103.959621582
-51.844134833
-105.657321731
-28.2985111097
-145.320438299
-104.367065433
-159.840326508
-24.7470519265
-77.166444674
-73.1678326811
-113.424941774
-141.964727793
-47.7429564414
-32.3248410744
-33.2440513098
-51.2473146749
-69.1365333312
-58.6298804658
-74.3777708242
-23.5044669343
-67.233956881
-80.4895038015
-26.2556878752
-26.8042973128
-56.611820032
-81.4317322453
-70.4245681267
-62.8571916137
-167.532743467
-71.0178316607
-29.2902194523
-49.96738775
-30.2575395441
-63.0406968106
-165.973869967
-76.0000728736
-56.8667972317
-67.9518265026
-94.6844672547
-84.2618618249
-129.36585275
-25.8973055196
-17.7089400889
-22.0433092219
-19.5621061941
-6.27838594034
-26.2950513651
-69.1430176002
-24.3147849062
-40.6030730054
-33.6383408559
-46.0575937761
-20.8700908572
-27.1507493505
-24.6178800766
-63.9229708718
-22.1217769436
-16.8366596651
-84.3570875887
-16.4824647473
-35.1418813321
-18.7139059015
-17.7467319749
-34.4375135964
-34.5837576161
-10.9925563288
-54.7797866608
-19.6436416668
-18.4511110252
-13.7402655737
-65.3496284546
-31.942077467
-25.0479619837
-54.4469019694
-24.0678600247
-23.0645116177
-65.7087156366
-35.6830135805
-35.6534919659
-42.7633478121
-42.2632199527
-138.803285391
-82.9016010018
-49.0734655699
-124.898407877
-66.7662650521
-67.4388537883
-119.423577793
-72.9253929799
-44.2830369656
-89.8256750294
-71.0125480255
-40.1388382252
-97.3207387729
-70.6926718941
-55.0610024252
-116.684907894
-60.569478746
-188.243256171
-101.619819529
-77.4922859449
-111.608057061
-130.656580709
-123.654443125
-229.227332638
-126.358252178
-217.315050232
-178.00445337
-182.379066054
-85.6104307616
-54.6226436878
-39.6141413803
-83.5807353231
-65.9966238277
-92.6549517159
-52.4688394328
-153.564257287
-90.0047558603
-100.536583092
-79.1535174133
-134.809158064
-55.219051993
-54.9828230926
-72.7662857995
-67.6726679042
-53.6969287816
-60.4904391096
-124.671785857
-39.8798991769
-80.6840483634
-116.100657283
-63.6687664596
-83.2916146153
-89.4108870634
-34.946911249
-43.2043139209
-98.2405377258
-73.1869926594
-112.282831807
-54.8471244104
-151.002737077
-83.2432417872
-11.2364210524
-85.9014650924
-40.7325053681
-27.6378011248
-98.2048671802
-43.5328363709
-63.5179619835
-120.232518037
-126.398362067
-15.2040898007
-32.5728142697
-21.3917958509
-24.3108257637
-77.0971009915
-99.9582093633
-44.6791735535
-74.0265461843
-117.443326259
-126.606666842
-67.4330566096
-25.2579949363
-25.0232124548
-44.9444325087
-106.264116585
-92.3253383131
-50.3045121001
-31.0788715425
-37.774610404
-51.4174594089
-74.7061119821
-119.256035024
-105.954924017
-56.2821205768
-60.0901584799
-156.603709958
-76.500048799
-54.8847378177
-31.3196511217
-119.299332215
-80.9817541364
-82.9825341072
-43.9798423912
-125.190480315
-171.067647063
-65.5241081173
-41.5194965549
-48.9462802933
-105.488964585
-84.0587913854
-78.3175587726
-124.4394923
-111.60726758
-234.487833276
-122.228611619
-53.1817305278
-118.509504629
-75.2908609516
-73.494340144
-55.7038404998
-71.1148262002
-142.292518156
-112.572138618
-133.108679366
-59.3813224376
-31.7138741566
-102.514714847
-77.6908521658
-143.242118162
-66.3146403856
-109.868596061
-94.8223094492
-150.05621247
-83.6485837911
-75.1146007295
-113.273989904
-68.2689522233
-45.6994482553
-97.1777141027
-159.019918376
-64.491579389
-34.1278982262
-86.000277197
-110.139360444
-130.194132157
-80.8202317322
-41.0359607108
-59.5191437091
-138.189158721
-131.360056047
-58.1083139944
-23.4451736094
-68.4454236494
-102.350136517
-138.571030508
-138.474741533
-192.633850347
-65.5096379826
-38.1885539674
-50.0754501754
-112.510720856
-72.8373184578
-98.0593423773
-130.374843503
-66.7888297046
-56.7258988565
-114.903809408
-76.0937039163
-124.990273479
-42.9607877835
-115.463150725
-69.7725704484
-154.360297233
-112.42301703
-107.882906088
-74.8718213462
-23.636887188
-100.015901621
-90.3556044279
-140.755207769
-63.5916679528
-87.1775384548
-48.1614430509
-78.7197909558
-162.684649475
-56.7612099434
-123.192720304
-62.3652795644
-32.2226956205
-96.9014571508
-139.278011621
-44.3433435044
-133.333760825
-48.9799110516
-63.8280638305
-84.018282857
-82.7498245809
-114.01379272
-90.8813696971
-148.895570479
-64.1884747212
-86.75066484
-104.484890101
-74.5115863465
-30.2879434908
-112.121305408
-198.524675945
-79.8255743131
-73.0667823719
-75.7754979937
-211.105799851
-169.884652873
-140.185849399
-381.587456989
-190.500209721
-187.172530404
-170.833653463
-126.195809707
-101.556799784
-95.3589475303
-51.6461013455
-50.3338564133
-63.1170860334
-198.945810793
-183.776497711
-46.3706110163
-38.0113466467
-171.471680319
-128.889438789
-121.762090755
-8.4805129261
-116.224769319
-119.330137596
-123.36639351
-163.871705278
-155.032991299
-92.7152038668
-183.139693415
-38.8575082399
-108.02351269
-91.4309198928
-62.3933281548
-83.6902412071
-97.5204721112
-76.7968877564
-79.7414845276
-207.42861599
-62.6958892388
-106.083919753
-138.51259106
-188.217423738
-26.7557346286
-95.9157364789
-107.248314999
-104.46804898
-110.337320902
-131.654748238
-58.3949164237
-10.577163464
-99.9055297713
-145.640410371
-111.705682442
-61.7770546645
-35.429342937
-107.523127319
-77.6993835246
-103.631331965
-44.4042133933
-159.568909975
-66.5569621479
-38.7783288086
-44.0571445862
-130.346541691
-55.883672562
-163.575484895
-120.104457621
-45.449632759
-66.1057921277
-121.267605026
-74.9787610357
-188.654278594
-41.6620586235
-89.2381956615
-73.9825543999
-265.951308572
-45.3964183059
-78.1673714451
-109.867045584
-104.530741231
-31.1991375544
-86.8716174072
-87.7909205154
-53.437083893
-36.4866671948
-123.276428374
-59.7443990393
-55.7115124337
-81.9300934314
-94.8370231248
-23.0184857474
-165.839113547
-40.720106336
-115.35083048
-50.6760419132
-169.860112276
-45.9580123703
-31.7624131918
-287.490474512
-255.366606523
-31.6504650661
-162.457070388
-195.62802917
-149.085551034
-215.826144287
-32.3597923475
-24.649217341
-142.698957345
-59.6477001544
-99.2629350587
-21.4083679076
-42.9678206896
-24.8072141211
-33.6171167405
-72.2642392078
-66.718602055
-49.5385972732
-92.0455923924
-41.2445491322
-53.2290297045
-85.9535320644
-69.4442891551
-13.8111131857
-184.365548883
-54.8898269121
-78.4197983234
-29.8576815854
-52.9776071578
-32.2223256155
-119.21615482
-13.70988832
-127.516428845
-137.325163362
-94.9883816546
-89.4409591671
-155.679580263
-9.90100716839
-65.8886917592
-123.277134114
-74.6286500719
-25.68637859
-190.467605584
-112.008184922
-37.1502401993
-159.373871527
-211.350504217
-59.5972791426
-176.304691284
-150.354435206
-76.293759215
-64.9845155255
-64.2734849405
-48.2241069977
-3.75192956876
-150.639521416
-117.886928846
-96.8731071549
-59.7197904888
-79.9892770959
-45.3500611001
-164.803651822
-4.69786078977
-68.6724342932
-88.848812277
-141.257672902
-65.2751962412
-64.6252968164
-158.937292381
-136.816663681
-45.4460694744
-139.279318425
-26.2387278581
-41.2628207185
-16.6671469702
-65.6696669321
-137.761951158
-66.1359314654
-14.4318765015
-65.8171185245
-58.1658112736
-159.051908086
-93.5719620834
-61.3527459188
-44.4650658271
-108.416224459
-131.16004485
-98.340633665
-82.6571653899
-132.416301214
-74.3863015043
-101.066197781
-112.06582177
-39.2837620581
-44.5863792046
-52.7296167856
-66.5351534405
-133.929905597
-85.4435579736
-73.0939628905
-66.2172462783
-104.307694628
-202.72411424
-41.2091611305
-125.379754476
-71.9777365585
-160.520694061
-86.0402176709
-127.220837975
-50.3430187137
-35.0992286784
-30.107488342
-169.694681579
-5.21825453536
-31.1766502415
-88.4374281288
-63.3200852196
-95.1718622818
-88.6037219952
-68.8961333679
-87.4849707932
-73.6970633994
-97.8123375956
-68.2996243272
-139.038467345
-59.6148110423
-142.568463774
-125.306777907
-110.567390898
-112.024570269
-95.1720218278
-111.689465172
-75.9463162965
-107.861991357
-19.0900518477
-127.491067938
-79.2354859617
-74.0369070854
-58.3066351194
-12.4066549772
-119.022901901
-246.546125467
-81.2578284984
-73.6570154443
-62.7635642282
-50.6602947506
-67.1573004505
-69.6518389886
-73.0002816697
-71.7449244588
-112.400123913
-66.0568584263
-43.2086041621
-138.615237242
-264.113428191
-37.2922004636
-107.201739355
-292.097525373
-94.8057481664
-81.5947067079
-90.1184163747
-74.3076295377
-124.83696507
-125.751736518
-148.323617319
-145.968186116
-84.0029677677
-80.1595789244
-71.3243590167
-13.7237392832
-16.8854352784
-36.8300947938
-114.731904139
-21.1323107689
-88.1202092048
-20.5313128819
-86.3336991678
-68.427084863
-57.9412318977
-74.4262611383
-107.997240752
-91.7311184059
-81.3339269432
-41.6104609509
-53.4711903729
-50.8290598177
-43.0771445229
-40.6846332809
-40.2674201646
-122.035715954
-127.479377116
-76.4821503316
-53.1282482915
-101.091852912
-62.939791342
-267.949928438
-16.8910269973
-58.9652375897
-405.302575086
-74.4673730488
-54.8678236581
-88.0256744589
-97.355765255
-123.594802108
-86.336665058
-19.7089516152
-81.8215103988
-140.679784882
-113.318032107
-68.2882114336
-21.6815298933
-32.6514753707
-97.1757366183
-43.923672909
-31.949953869
-75.8609404258
-50.6787725673
-49.5413231499
-109.774124424
-47.0714968688
-33.617101126
-47.5592886306
-114.145916717
-118.315895334
-141.043439844
-137.086398401
-107.014486735
-101.619365786
-91.5248807182
-158.339039607
-115.569911451
-164.730016384
-205.93982824
-39.530683725
-31.5298392426
-89.5867488644
-59.0802973507
-28.2480618597
-84.9842988822
-91.1897123783
-54.9043591511
-73.6013490093
-45.8910230301
-9.88480916667
-79.2990036472
-30.3283076816
-83.1773075112
-57.3198948987
-65.6661020878
-22.5359877965
-30.8156052766
-26.1095438213
-76.6561437961
-118.553128603
-82.8197192172
-91.5712062719
-12.6926008628
-43.037226848
-69.5632889154
-29.2252251231
-28.9354248264
-75.4771204019
-7.74389130444
-65.4893349829
-53.6294966353
-34.1219253348
-52.3436968816
-101.75417803
-80.8363511368
-14.090167893
-172.258912827
-65.1063530969
-19.9639994699
-5.56515344494
-47.9501819644
-19.6913471162
-200.833450135
-15.2578029563
-4.57769886855
-102.092618468
-18.7979435772
-51.1163895923
-32.9438160919
-123.315539311
-118.372820578
-55.7406407668
-31.5900678448
-20.2544827434
-46.0448792446
-133.241511543
-56.1077913796
-46.9862450978
-79.7986414903
-90.4887617939
-169.860944524
-54.5940160441
-90.5675148122
-59.0814960302
-30.0917982075
-74.2882014131
-94.7984515085
-83.9192839021
-61.1158263787
-76.75909741
-111.355238163
-101.598814911
-94.8312593849
-107.733736875
-73.1820937994
-142.304156198
-153.75518286
-67.2077427061
-112.601343874
-18.5616245713
-22.3947422973
-123.548475217
-35.9685991674
-60.768858769
-140.919495232
-216.335575535
-130.380670846
-86.6980108845
-60.272245886
-97.0894565142
-114.714795897
-150.675507589
-109.493973841
-38.6359814899
-20.1337341004
-23.9540406749
-47.2670482461
-81.7971369156
-7.78494195424
-20.8374680816
-99.816397297
-154.005446108
-129.153302784
-147.525888302
-62.2517838729
-63.5500300221
-73.2409225207
-146.003501704
-89.6220516145
-45.8507599071
-99.0298017714
-153.349280456
-60.9546332219
-59.9557280454
-51.0276972684
-43.3168110878
-86.7934330224
-35.1649774179
-50.0061310972
-58.0860773798
-69.1291156073
-117.557711982
-68.9545776365
-98.2688626769
-34.8893139244
-46.4938653927
-71.871510379
-84.8057915814
-60.3618553346
-62.5371123944
-109.672470958
-84.3323213562
-64.2533885375
-76.0947716101
-61.0016292892
-20.7333124093
-62.0766617176
-52.2013748239
-47.005956724
-109.95801942
-73.6647508326
-48.1301307523
-53.9886330931
-49.8335002298
-93.8622831931
-86.8703759116
-105.632344461
-56.9002317375
-61.2189447772
-76.2367495643
-30.5167505305
-18.3014438268
-52.9082243378
-174.010024707
-120.823650971
-70.8361336009
-60.0352392214
-118.978470459
-59.8426925115
-72.1321953528
-143.163029681
-79.680459356
-107.309048782
-100.556531837
-65.1920175517
-88.7817444346
-90.2452521438
-73.2416661778
-36.8050314621
-35.5683602198
-25.4505780562
-179.733201693
-41.3046772304
-39.3709404501
-55.3284307601
-151.978937488
-69.5758172703
-176.645270702
-115.792771145
-47.1587540487
-73.6376740861
-264.265905452
-51.0053391812
-15.7855053824
-117.288274794
-70.0158342933
-114.367808025
-119.847429446
-18.7274373841
-55.1219756489
-28.8708546981
-87.4600980278
-66.3705710744
-47.5488924463
-149.936103684
-67.1778063001
-74.5540840125
-45.3360819109
-93.5046100535
-57.1929549014
-93.157311164
-28.8077608445
-4.38780972611
-123.950659025
-34.2761924564
-68.748018388
-93.1740369452
-18.2805467279
-66.4092379959
-111.162885351
-66.9957457013
-81.5289471311
-43.7732520828
-122.606120596
-61.8217280026
-62.2363177016
-134.507415306
-71.5691942735
-111.024666727
-63.0123390346
-27.7267867593
-83.7582107398
-40.8071358798
-58.7619897491
-76.2344444352
-38.0126202764
-106.191433837
-67.6918773872
-298.959235566
-154.363828136
-42.1651273344
-121.065225424
-64.2775004047
-28.8467598387
-131.009209466
-66.8135050957
-94.1962311902
-106.680343333
-123.975253081
-82.5471340966
-16.2424605555
-8.12056550478
-118.959019282
-107.471988723
-73.6003657752
-170.156549679
-56.627482754
-203.101476513
-40.988435226
-74.5219080121
-141.544132156
-74.869920712
-193.753479811
-139.944637449
-53.4431902146
-173.597905333
-123.0272592
-95.5322470389
-108.900221155
-51.5998563673
-107.737113442
-143.510238956
-41.2994206837
-25.1393625708
-113.310845263
-196.663236651
-37.4671729047
-94.3181320888
-246.572259053
-136.638570307
-79.1168636634
-29.9134559385
-135.425631998
-168.62862405
-75.1518730043
-35.5255726966
-100.272484413
-73.1007156526
-32.0474828338
-96.0401229302
-145.58444082
-78.3727386895
-78.3677170478
-26.9096067107
-111.629777187
-49.9125276877
-64.8533042393
-147.674473465
-30.9599039184
-54.0953655927
-88.7527108143
-65.4390502064
-60.9831536868
-99.1939571965
-81.0066843562
-51.060684523
-103.334299597
-241.888811634
-90.2580439912
-116.723441294
-114.526961143
-150.609129436
-52.4011381777
-118.356121965
-73.6011339949
-56.8734258976
-70.1651844633
-65.7460105943
-40.0745668069
-14.6285250698
-27.8601345944
-70.5545577653
-37.1155026069
-36.1372740163
-80.5112321182
-59.21072929
-42.3970301889
-79.919221034
-51.3300747622
-77.4695756916
-59.2222094184
-114.124278358
-79.7642509291
-76.102335669
-156.917376212
-146.634550788
-148.105440354
-89.7510221422
-133.217971439
-163.049710248
-56.0397263615
-92.2825594492
-34.8386181848
-110.382560255
-68.5745466763
-155.65170573
-74.2675367852
-81.9942099197
-165.739106019
-79.2783938873
-55.1523092076
-27.210863334
-15.8267176815
-60.4432476211
-78.0708533518
-41.2431954328
-26.6128972702
-84.9077632998
-52.5568245468
-63.278395597
-40.1606654691
-74.6115544489
-31.31614148
-4.71716126718
-56.7478495134
-54.5094335916
-98.9873951342
-159.45229171
-58.6114158703
-83.5456622007
-66.8583271454
-125.96368709
-4.84107334073
-86.7623943051
-40.9751335219
-36.7033674311
-115.506919102
-43.0034926908
-25.8156008691
-37.7746922785
-61.4119496096
-40.9467621866
-111.867223317
-48.1180571947
-41.8894819096
-83.6622172525
-34.5408147749
-90.299935087
-43.399943304
-3.55716864873
-59.6710279633
-56.9484613164
-122.688328109
-68.6733932279
-10.1624747822
-86.4018688223
-39.488436149
-36.6462566588
-103.134596593
-33.0971353727
-97.8695615001
-4.78143421176
-56.9815561865
-14.6120528183
-85.3913855196
-168.73892936
-88.1310263025
-17.4470216304
-38.4227085517
-64.2962033065
-78.2094145345
-102.052569907
-26.4555066591
-39.2403002432
-84.5499982382
-63.4810081704
-49.6600133368
-84.2620394044
-132.910337611
-148.237448033
-22.75479095
-51.1267255615
-55.1191850707
-26.9164307805
-50.5446872178
-66.0836372459
-38.422535942
-49.5431716296
-63.8444403868
-30.2814758645
-31.9608795452
-14.5723737243
-62.0457353584
-33.3202578572
-70.3764857107
-53.2730106552
-48.8427654385
-56.9271997648
-85.8970671652
-29.0303724279
-80.1267778122
-69.2070912711
-58.8772695655
-49.8520594926
-112.619371049
-63.9330876706
-80.731458663
-32.499401758
-122.592129183
-43.0416708504
-43.125808528
-130.534551157
-59.0792987781
-41.0894978029
-30.5423986654
-69.076897524
-27.2829139371
-60.0813771907
-62.0587414022
-28.0340959114
-25.3354925407
-39.8708497659
-32.3307498843
-123.210510636
-74.3013454226
-43.9436760061
-35.1848119606
-125.341794768
-64.9567109978
-62.7787915196
-55.3584526905
-43.2144102718
-75.2033226366
-8.73707078648
-45.2413020814
-42.2717049784
-129.374634217
-53.0247793736
-105.779325903
-50.7210589481
-90.122744995
-12.9313424219
-136.692701061
-27.1617364226
-147.718348807
-167.454302272
-114.248550627
-114.662051357
-102.673628843
-101.62680929
-173.352142867
-100.952097973
-39.2630370904
-84.888198397
-28.2380615233
-103.898872372
-90.5763047036
-56.2854094894
-125.56232136
-25.3513002435
-177.012020451
-107.226672524
-85.9481364046
-104.501240598
-134.497936079
-135.483681921
-72.92446492
-128.797299045
-76.6020321214
-81.8895782704
-108.123435097
-98.1445849991
-107.601608927
-51.4792297586
-18.9031489263
-111.886262387
-43.2774960569
-78.1877581961
-216.817846606
-96.1966302552
-37.9755164299
-115.854788686
-167.283032723
-31.3518137589
-47.3418116468
-39.249730704
-114.48725646
-93.2918023033
-147.008832817
-102.068976413
-182.056204387
-70.3246542966
-64.5400648714
-93.4231396561
-63.9006505192
-321.095447117
-44.7682844222
-126.957408063
-77.3320988293
-73.3621014206
-116.400217299
-91.5111592503
-95.2601059719
-19.2599786608
-154.159986565
-44.5064931899
-136.399504615
-151.582968569
-69.9951648047
-122.945197885
-105.450297593
-42.9792302606
-78.6613020984
-94.095453042
-73.6415543909
-120.052330688
-26.9338765292
-109.4967576
-90.2620787956
-128.659328264
-60.8749178516
-86.0614214211
-92.0853156711
-52.7713717981
-36.4602686705
-40.3739347994
-230.050973134
-109.846132029
-78.6578904434
-46.6891168325
-112.571734858
-31.6186166069
-146.228888115
-95.7648072705
-32.5104784561
-95.3932621053
-122.074625226
-62.7830154871
-73.1712770457
-48.3067487448
-65.8763804244
-143.074102557
-103.9193826
-108.507536552
-7.9618002569
-93.4611354421
-71.3955360821
-83.3973824577
-35.9126815597
-78.6355473485
-40.7938311359
-80.7175195474
-37.6036481788
-91.054446944
-103.519780944
-148.111219236
-203.723738355
-50.6428355896
-90.4609687441
-50.9660121699
-13.8641297806
-89.8707833093
-46.7775895255
-120.236779536
-104.296957353
-95.0006351455
-43.548732833
-74.6659813767
-59.0994793168
-67.3719635771
-21.2800713183
-25.8301713671
-84.0617714953
-95.9446094736
-87.0132898288
-22.3575300764
-19.1439933931
-36.2363837194
-130.485267265
-12.1980155895
-65.3818836143
-81.5602111315
-101.420741011
-20.3692427233
-94.7242093918
-67.7812950665
-130.508081456
-94.3490760946
-89.5716795285
-63.6802128946
-22.1960576804
-30.674841181
-69.3889348269
-138.557826564
-76.1758491376
-124.391374429
-23.0201914532
-33.9122990186
-33.7110417726
-104.403897172
-25.6368794939
-77.4602651518
-77.5949056365
-25.9914971614
-75.5050388475
-81.2379028062
-127.990311451
-121.222321471
-128.949189157
-82.7083442867
-60.4588503561
-10.3547435878
-79.0213466651
-74.7248716999
-152.532688382
-79.8394133113
-97.8964740023
-114.206092641
-105.995414945
-87.7325451338
-188.732447818
-74.3615941834
-141.559615745
-66.1254645283
-40.0612576314
-83.7313380994
-59.1885212991
-45.3058041964
-44.2683462918
-181.920393765
-105.868354664
-29.5544969479
-136.654367932
-156.415182107
-69.5592741571
-69.994516698
-43.0819685882
-54.1082019252
-33.9873655319
-36.1566526684
-50.1204289412
-90.0437966162
-77.1106950112
-20.8554331308
-31.98368245
-42.2359139706
-80.8552278138
-110.134698278
-89.2971941064
-117.706356144
-12.9393666862
-122.130870083
-104.139297228
-58.4997336636
-73.1432896865
-34.7748206688
-155.547894808
-47.4929677664
-33.6933449066
-72.5435118202
-70.5912745669
-54.4337049526
-127.260708225
-69.8957693443
-50.9378693499
-65.5511825082
-62.9629018459
-62.3215562464
-70.4941570587
-63.7279858318
-66.9210492636
-68.5595946993
-59.4740372498
-54.3957287996
-63.5152422345
-92.7471418209
-57.625226727
-120.276924502
-178.830923652
-32.5175929991
-36.7390487965
-45.0392210026
-98.4391253989
-196.066005888
-69.4739576766
-121.807145349
-67.8891969489
-83.2927139069
-135.268577874
-57.5510279788
-178.086518208
-28.8273550492
-75.8440787535
-48.1806530349
-29.565013167
-74.338093337
-108.054506178
-69.3398088003
-39.6888407391
-65.3711462708
-106.794769464
-12.7211144599
-19.6000359107
-83.0974526808
-117.654116357
-195.517371852
-43.6963377709
-78.2129511707
-65.7262533377
-97.1160211056
-116.558285784
-66.0925577489
-32.2185250754
-22.5811500236
-34.738085908
-65.0610942767
-148.548357997
-44.5383538837
-63.9496230844
-78.076768233
-61.0368303312
-78.1414434401
-61.5110513222
-84.8787337694
-85.9169896862
-29.521283276
-58.8026194826
-100.098903038
-16.5983211317
-61.5434605275
-91.3790990122
-57.1146243721
-44.1911127337
-157.405914083
-79.0280925284
-24.7446727855
-45.9879651774
-82.7064833923
-70.5124763684
-117.445884696
-52.022240059
-55.1909772437
-42.4475871523
-87.6827037652
-79.5958497078
-59.6729110241
-57.9484582295
-47.9184621208
-102.911604691
-137.523941555
-140.746222089
-64.1098173739
-20.0456460932
-42.0163894395
-55.3392189028
-79.3791027957
-55.635512872
-32.6434853673
-73.8319276154
-116.075633974
-36.3561740897
-110.11010639
-154.727542922
-118.412343366
-113.465252513
-76.4533457223
-51.7712835747
-89.803366994
-87.3826456869
-88.2041382072
-193.126171657
-81.9639585742
-171.996598295
-183.606351703
-228.828675342
-129.816117748
-72.4406586766
-166.229384285
-99.0142156293
-148.613999099
-117.076462998
-117.298231413
-64.2729731566
-165.106654571
-154.353116516
-142.392639386
-8.58551957587
-114.378914562
-162.255997663
-104.259570066
-49.7416396546
-59.3790287181
-95.801202636
-64.8163099823
-24.1093725884
-35.9703092149
-71.4952237559
-9.85097146677
-39.495355804
-72.9527095231
-76.4477806385
-39.0980109045
-49.1114209834
-73.6147004422
-73.5364517685
-55.9084691085
-54.1323469848
-27.7121718868
-48.5230489512
-58.3576460587
-110.22098577
-22.5346499747
-80.8929300859
-20.7624659295
-59.752811621
-27.8815661028
-65.9788028002
-48.1957286256
-56.8926545246
-56.9703497628
-65.0659287749
-53.2167384508
-66.1376992281
-33.2098895847
-27.3035396528
-52.0981386938
-77.7133187242
-11.0542471961
-48.8545036828
-78.6159670316
-149.362188042
-38.2068105284
-25.8850511457
-54.2453191581
-138.48470379
-87.5268156256
-175.537113805
-63.3212054377
-30.2790564539
-93.7205075814
-71.2677498355
-33.0901152426
-94.604141666
-72.7103100688
-18.3426882644
-27.6679270818
-129.146931488
-60.0582661498
-36.0837675341
-38.5692643293
-106.583052879
-98.3271241986
-152.453050818
-62.3384084576
-112.750175456
-54.5797308066
-68.6884632976
-28.4363315123
-63.9366814962
-68.2707291466
-59.8135164646
-65.1269548219
-89.5544793705
-49.0275698511
-61.1181206252
-113.759153934
-26.9002778109
-1.54563369273
-30.7943156698
-1.54563369273
-42.0864654314
-1.54563369273
-77.3960527791
-1.54563369273
-43.9892379642
-1.54563369273
-72.9056670401
-36.6493511991
-82.4438956342
-121.876512211
-145.023031358
-22.290617575
-106.340029802
-70.0941765474
-5.91549429749
-134.705889055
-86.0730934042
-50.0648494837
-114.225177436
-72.2259941785
-147.827245682
-181.457690182
-77.8957196597
-70.4128310706
-144.82708479
-80.1383121337
-115.030613489
-70.3728341504
-46.373833784
-81.205880311
-43.0362438978
-93.1349485529
-125.346511398
-24.0383560202
-21.9051126011
-102.109492871
-77.9100418224
-90.1034707586
-91.4802550322
-64.3839409157
-107.089101603
-19.381320342
-69.6364305737
-53.9495072757
-92.2381055783
-49.2037388406
-37.2637632109
-65.4713368789
-68.8529291983
-42.3137943759
-38.5513595922
-101.401977117
-89.3695263761
-55.0904059181
-102.135052281
-149.753888238
-137.326540746
-119.782811108
-155.502323065
-82.8696884058
-71.5231790378
-34.8998893477
-62.369244069
-31.9601589123
-57.5686000572
-53.4666493381
-80.9375727066
-91.0228801353
-95.6668696121
-45.9881783561
-26.8280895819
-86.7382009202
-108.178843171
-66.3480547393
-132.629447128
-146.411686675
-57.6744681652
-30.9066987775
-46.7585492174
-83.968066143
-107.117550014
-63.3459032609
-117.386320081
-84.8213381922
-137.920315618
-53.1031822552
-17.6045178113
-110.014956363
-44.5749046622
-111.827332757
-72.0654626217
-70.4663603958
-53.7998598333
-69.442472006
-63.6700536636
-98.7033515086
-92.951185009
-110.81990038
-55.6238243592
-35.412632474
-101.474715437
-106.437523612
-56.6099965658
-140.69429511
-138.360812797
-54.1218380393
-96.5526668514
-32.4628934579
-47.4993127286
-168.321438178
-79.6448243134
-79.2210803133
-108.254620735
-98.1121608203
-130.88172467
-129.467976708
-109.269501197
-42.1981335718
-19.5636672567
-23.1212838839
-103.455092811
-63.9106112734
-47.2435190397
-21.084314813
-79.8517202413
-44.8114411887
-83.8508806852
-136.699281655
-61.1231193177
-50.3430448318
-75.7965681702
-89.4422696391
-41.4255487472
-79.1148952468
-17.6190601446
-109.443675813
-122.90373409
-81.6278169217
-63.9207641288
-65.6618417935
-70.4803530965
-70.9038291748
-73.4868210592
-95.4318057437
-46.0717337371
-63.3403890948
-43.7797736275
-130.931476261
-90.0413577858
-92.257718212
-111.98111995
-125.719883517
-34.2891192944
-44.0803072564
-44.7106793813
-83.8879431744
-97.4046402836
-120.820006032
-68.4084437455
-164.24607632
-82.0514575101
-53.661065121
-80.1184795583
-15.9056577347
-91.7125514516
-16.1751497216
-55.252797559
-68.2517263137
-139.009709237
-107.778922446
-66.4905435743
-70.4142996943
-14.2528962729
-128.022780372
-58.370129493
-53.8615179496
-55.9012067327
-51.7845312029
-98.4722569207
-140.878126235
-17.1104399489
-50.7910072513
-112.458878697
-45.9905694873
-34.2302577953
-38.0850605147
-122.599417815
-43.3820607711
-66.2520199879
-48.6232468284
-142.430588339
-35.7318600543
-61.8457160724
-91.3731481714
-95.837055379
-91.5725351193
-78.4593193877
-143.448413137
-40.3548449241
-42.6916299937
-98.8754482692
-44.4032190352
-58.7098474363
-59.8348267344
-86.7890617515
-174.541834352
-211.069216493
-53.1663524552
-76.8682411538
-54.4297027919
-54.612999611
-83.309980777
-77.4650787377
-130.547931648
-105.420519903
-46.2175852729
-95.1852751576
-78.994888301
-108.990974926
-294.522726151
-97.4170831799
-16.3194015607
-133.716232488
-207.415852225
-83.8978519849
-62.8342805194
-87.0121484204
-43.9178496653
-172.783946943
-121.054572473
-188.610497016
-84.6597063637
-122.579259767
-166.157523702
-46.5261616943
-52.3480851784
-166.752710986
-135.331732598
-24.2073497964
-195.437943145
-84.3079880253
-40.9206682907
-88.585255068
-108.564814276
-60.3967293711
-46.3670033485
-45.4634347132
-142.935065427
-45.2235231493
-110.470896669
-16.5398009477
-117.109183542
-137.150855577
-139.097637895
-58.5142138208
-65.4930300094
-107.645420357
-144.920967512
-81.3608714067
-159.538027052
-57.9671765039
-18.172426425
-93.8517371029
-45.1127999717
-56.320391626
-85.622601639
-101.471409021
-179.872479565
-133.682621967
-153.938753299
-143.937628128
-124.457503271
-96.1190656019
-221.501674345
-53.77454795
-58.5064659012
-96.9853091258
-18.128877264
-58.0017343126
-44.1271245406
-151.183361185
-25.1007172361
-132.658955592
-38.0909483855
-15.6362316378
-50.0191807887
-78.8990255045
-147.328449583
-131.343300722
-22.4254176956
-23.7761818782
-134.679699789
-65.807783623
-140.005133911
-140.406537823
-163.513112271
-34.8259333778
-81.4902374384
-48.1162836892
-52.5295026867
-54.1407197985
-25.3728374485
-25.5160381022
-104.749625007
-113.87862918
-132.807190737
-64.1682155614
-89.7647712319
-53.4373268515
-69.8624123848
-49.8754582068
-70.6092192168
-46.1370058291
-92.6949738307
-59.9171543948
-41.4947945249
-40.6174057767
-22.013695588
-91.3427975362
-175.506967161
-103.200490037
-18.7699858102
-113.080807887
-186.289688422
-121.090752627
-82.7230858905
-77.9473272416
-34.3530054921
-45.0512166173
-55.9383159572
-40.5478472568
-43.4062004463
-81.4935874606
-93.3674560621
-55.2892590269
-29.67378258
-114.153442026
-107.724639343
-83.5954145452
-30.4915422115
-129.25360035
-59.0971486409
-65.0498751052
-57.5161335332
-20.3381135197
-67.0721251004
-84.7502115268
-10.5123073196
-72.5159501899
-37.5593594574
-60.899079001
-59.588124126
-23.420856904
-46.5617954909
-77.9000601046
-82.3140323809
-65.2034279523
-61.9808504892
-9.43918105593
-24.8029491285
-9.61010903743
-63.7901964278
-98.6753635806
-2.08834943221
-128.827090899
-177.359221962
-107.129437126
-183.700310576
-52.824004107
-3.98460994143
-56.5742099339
-26.4894245496
-26.287656563
-124.641026375
-85.7498958657
-63.2008900069
-23.3047861168
-79.0164708112
-78.3315314306
-28.3718243194
-3.98460994143
-19.1635323983
-14.3171861907
-17.6794296197
-159.204908663
-42.3292186675
-72.8612498979
-96.5662110781
-38.7998497925
-33.1744826729
-74.8984584457
-93.6918100999
-14.7634410719
-44.3632084935
-22.4561480031
-54.3630522641
-86.9904891984
-19.4215511048
-20.9656534998
-90.2580824841
-107.860383522
-95.1381315512
-170.598846311
-236.555348249
-82.4158956079
-80.1029920064
-72.3495195838
-100.882974803
-22.1929549743
-224.251528976
-81.5095564254
-139.638356185
-56.8702263752
-54.3922402313
-85.6550969925
-118.440074804
-26.3805107685
-22.0548213346
-54.2459641715
-123.208657104
-41.8750623733
-37.1030525075
-42.626208517
-133.954175156
-36.7932212986
-78.0277124718
-70.9969894919
-60.6489959165
-147.470344408
-106.219047062
-39.7224736073
-27.6785420194
-78.6607616816
-78.5639892238
-88.0325774836
-33.2224687595
-82.4260357963
-52.3543643888
-53.6767262286
-106.65746467
-57.2625625164
-1.54563369273
-134.171681996
-60.6910576924
-131.736665635
-139.401487948
-28.3648362684
-23.8992496686
-12.8463429783
-111.97420483
-32.8565315256
-58.0844858485
-211.23838641
-22.058304209
-16.969953618
-17.2421759575
-7.88833102222
-54.7317984825
-95.8656414184
-24.1142199258
-156.893016759
-51.6661850397
-28.5998812654
-11.7643044165
-134.064259264
-117.291994423
-34.6883631767
-71.1323339461
-166.249789844
-111.838017249
-81.7024919591
-59.2290870842
-76.9149667474
-18.4702738803
-3.933496959
-103.049403874
-24.4286785356
-32.2144186998
-17.7547427305
-64.1856183103
-35.5967536407
-26.1107412136
-38.2143208295
-99.0678150884
-47.9576900115
-79.3599598746
-23.2883944933
-41.1408258674
-61.4163612877
-83.7787830655
-58.3547923439
-39.2688885552
-24.344674556
-64.950061048
-62.7244101611
-98.5562195067
-65.4393532644
-54.73393226
-138.447582377
-32.1070975617
-77.9597356198
-53.9222866741
-99.7827469568
-50.5004038268
-40.6106347695
-37.7099358307
-98.8097235289
-54.212470643
-52.3844437725
-47.4686022556
-111.463523145
-70.1093081199
-60.9795520843
-83.3168011774
-83.2053973482
-27.281547325
-25.28156733
-41.9108948488
-42.6552120574
-47.8447010659
-60.9215024307
-31.6416847221
-83.0712157816
-87.0693801863
-103.502680255
-95.7823925901
-29.0639910591
-227.495363891
-70.1501911533
-58.5740450527
-46.1023788809
-28.2907404809
-50.9760610416
-90.7891599879
-59.8891810233
-55.9206642097
-74.8466173862
-84.2299101415
-115.400508572
-23.093588392
-80.1922676706
-52.081199249
-45.3281297436
-73.2299610912
-122.66265179
-61.792214974
-68.4835073304
-86.6765829363
-88.6050827507
-85.1258810614
-111.770453681
-61.2723317798
-152.009943246
-105.164413502
